   Tlag_pop;   1.00000;   0.20849;   0.25151;  -0.08498;   0.04073;   0.00709;   0.57456;  -0.46966;  -0.50263;  -0.19194;  -0.49177;   0.18106;   0.12966;   0.02195;   0.35001;  -0.02126;       NaN;       NaN;   0.02418;  -0.16872
     ka_pop;   0.20849;   1.00000;   0.03139;  -0.05727;  -0.04642;  -0.00391;   0.11641;  -0.16125;  -0.16574;  -0.09473;  -0.11852;   0.38257;   0.01759;   0.02054;   0.14491;   0.00512;       NaN;       NaN;   0.03206;  -0.07074
      V_pop;   0.25151;   0.03139;   1.00000;   0.05997;   0.01573;   0.00330;   0.34014;  -0.30812;  -0.30612;  -0.12799;  -0.15607;   0.09509;   0.11980;   0.02194;   0.29552;  -0.02541;       NaN;       NaN;  -0.04449;  -0.04360
 beta_V_twt;  -0.08498;  -0.05727;   0.05997;   1.00000;   0.00169;   0.00202;  -0.14824;   0.16347;   0.16801;   0.08199;   0.08817;  -0.05615;   0.00720;  -0.00778;  -0.12134;   0.00958;       NaN;       NaN;  -0.02809;   0.05923
     Cl_pop;   0.04073;  -0.04642;   0.01573;   0.00169;   1.00000;   0.08923;   0.01854;  -0.01390;  -0.00839;  -0.00215;  -0.02138;   0.03441;   0.00101;  -0.00275;  -0.01026;  -0.00521;       NaN;       NaN;   0.01627;  -0.01923
beta_Cl_twt;   0.00709;  -0.00391;   0.00330;   0.00202;   0.08923;   1.00000;   0.00470;  -0.00063;  -0.00169;  -0.00243;  -0.00128;  -0.00142;   0.00072;  -0.00957;   0.00554;   0.00319;       NaN;       NaN;   0.01279;  -0.01144
    ke0_pop;   0.57456;   0.11641;   0.34014;  -0.14824;   0.01854;   0.00470;   1.00000;  -0.82361;  -0.89369;  -0.34263;  -0.44294;   0.21473;   0.17503;   0.03335;   0.62996;  -0.03643;       NaN;       NaN;  -0.01180;  -0.22751
    th1_pop;  -0.46966;  -0.16125;  -0.30812;   0.16347;  -0.01390;  -0.00063;  -0.82361;   1.00000;   0.97322;   0.49661;   0.42488;  -0.22311;  -0.13928;  -0.03954;  -0.67882;   0.09493;       NaN;       NaN;  -0.03269;   0.24815
    th2_pop;  -0.50263;  -0.16574;  -0.30612;   0.16801;  -0.00839;  -0.00169;  -0.89369;   0.97322;   1.00000;   0.45517;   0.44602;  -0.21776;  -0.14582;  -0.03866;  -0.66826;   0.11049;       NaN;       NaN;  -0.01945;   0.24899
    th3_pop;  -0.19194;  -0.09473;  -0.12799;   0.08199;  -0.00215;  -0.00243;  -0.34263;   0.49661;   0.45517;   1.00000;   0.21151;  -0.09481;  -0.05038;  -0.00692;  -0.25897;   0.09319;       NaN;       NaN;  -0.01410;   0.10909
 omega_Tlag;  -0.49177;  -0.11852;  -0.15607;   0.08817;  -0.02138;  -0.00128;  -0.44294;   0.42488;   0.44602;   0.21151;   1.00000;  -0.12233;  -0.08870;  -0.02384;  -0.20077;   0.05050;       NaN;       NaN;  -0.02600;   0.13548
   omega_ka;   0.18106;   0.38257;   0.09509;  -0.05615;   0.03441;  -0.00142;   0.21473;  -0.22311;  -0.21776;  -0.09481;  -0.12233;   1.00000;   0.01921;  -0.01825;   0.15690;  -0.02104;       NaN;       NaN;   0.00686;  -0.07275
    omega_V;   0.12966;   0.01759;   0.11980;   0.00720;   0.00101;   0.00072;   0.17503;  -0.13928;  -0.14582;  -0.05038;  -0.08870;   0.01921;   1.00000;   0.02696;   0.11792;   0.03345;       NaN;       NaN;   0.03371;  -0.16789
   omega_Cl;   0.02195;   0.02054;   0.02194;  -0.00778;  -0.00275;  -0.00957;   0.03335;  -0.03954;  -0.03866;  -0.00692;  -0.02384;  -0.01825;   0.02696;   1.00000;   0.03635;   0.02299;       NaN;       NaN;   0.02470;  -0.05407
  omega_ke0;   0.35001;   0.14491;   0.29552;  -0.12134;  -0.01026;   0.00554;   0.62996;  -0.67882;  -0.66826;  -0.25897;  -0.20077;   0.15690;   0.11792;   0.03635;   1.00000;   0.06379;       NaN;       NaN;   0.08149;  -0.20443
  omega_th1;  -0.02126;   0.00512;  -0.02541;   0.00958;  -0.00521;   0.00319;  -0.03643;   0.09493;   0.11049;   0.09319;   0.05050;  -0.02104;   0.03345;   0.02299;   0.06379;   1.00000;       NaN;       NaN;   0.01231;   0.00219
  omega_th2;       NaN;       NaN;       NaN;       NaN;       NaN;       NaN;       NaN;       NaN;       NaN;       NaN;       NaN;       NaN;       NaN;       NaN;       NaN;       NaN;       NaN;       NaN;       NaN;       NaN
  omega_th3;       NaN;       NaN;       NaN;       NaN;       NaN;       NaN;       NaN;       NaN;       NaN;       NaN;       NaN;       NaN;       NaN;       NaN;       NaN;       NaN;       NaN;       NaN;       NaN;       NaN
        a_1;   0.02418;   0.03206;  -0.04449;  -0.02809;   0.01627;   0.01279;  -0.01180;  -0.03269;  -0.01945;  -0.01410;  -0.02600;   0.00686;   0.03371;   0.02470;   0.08149;   0.01231;       NaN;       NaN;   1.00000;  -0.68903
        b_1;  -0.16872;  -0.07074;  -0.04360;   0.05923;  -0.01923;  -0.01144;  -0.22751;   0.24815;   0.24899;   0.10909;   0.13548;  -0.07275;  -0.16789;  -0.05407;  -0.20443;   0.00219;       NaN;       NaN;  -0.68903;   1.00000
