            ;      ka_pop;        V_pop; beta_V_lw70;      Cl_pop;beta_Cl_lw70;    omega_ka;     omega_V;    omega_Cl;           b
      ka_pop;1.5189516235; 0.0000000000;0.0000000000;0.0000000000;0.0000000000;0.0000000000;0.0000000000;0.0000000000;0.0000000000
       V_pop;0.0000000000;33.1129341528;0.0000000000;0.0000000000;0.0000000000;0.0000000000;0.0000000000;0.0000000000;0.0000000000
 beta_V_lw70;0.0000000000; 0.0000000000;1.0000000000;0.0000000000;0.0000000000;0.0000000000;0.0000000000;0.0000000000;0.0000000000
      Cl_pop;0.0000000000; 0.0000000000;0.0000000000;2.8080030200;0.0000000000;0.0000000000;0.0000000000;0.0000000000;0.0000000000
beta_Cl_lw70;0.0000000000; 0.0000000000;0.0000000000;0.0000000000;1.0000000000;0.0000000000;0.0000000000;0.0000000000;0.0000000000
    omega_ka;0.0000000000; 0.0000000000;0.0000000000;0.0000000000;0.0000000000;1.0000000000;0.0000000000;0.0000000000;0.0000000000
     omega_V;0.0000000000; 0.0000000000;0.0000000000;0.0000000000;0.0000000000;0.0000000000;1.0000000000;0.0000000000;0.0000000000
    omega_Cl;0.0000000000; 0.0000000000;0.0000000000;0.0000000000;0.0000000000;0.0000000000;0.0000000000;1.0000000000;0.0000000000
           b;0.0000000000; 0.0000000000;0.0000000000;0.0000000000;0.0000000000;0.0000000000;0.0000000000;0.0000000000;1.0000000000
