           ;      ka_pop;       V_pop;      Cl_pop;   gamma_pop;    beta_pop;    omega_ka;     omega_V;    omega_Cl;  omega_beta;           b
     ka_pop;1.0037757979;0.0000000000;0.0000000000;0.0000000000;0.0000000000;0.0000000000;0.0000000000;0.0000000000;0.0000000000;0.0000000000
      V_pop;0.0000000000;7.9989698224;0.0000000000;0.0000000000;0.0000000000;0.0000000000;0.0000000000;0.0000000000;0.0000000000;0.0000000000
     Cl_pop;0.0000000000;0.0000000000;0.1260679355;0.0000000000;0.0000000000;0.0000000000;0.0000000000;0.0000000000;0.0000000000;0.0000000000
  gamma_pop;0.0000000000;0.0000000000;0.0000000000;1.1104174351;0.0000000000;0.0000000000;0.0000000000;0.0000000000;0.0000000000;0.0000000000
   beta_pop;0.0000000000;0.0000000000;0.0000000000;0.0000000000;0.5052256574;0.0000000000;0.0000000000;0.0000000000;0.0000000000;0.0000000000
   omega_ka;0.0000000000;0.0000000000;0.0000000000;0.0000000000;0.0000000000;1.0000000000;0.0000000000;0.0000000000;0.0000000000;0.0000000000
    omega_V;0.0000000000;0.0000000000;0.0000000000;0.0000000000;0.0000000000;0.0000000000;1.0000000000;0.0000000000;0.0000000000;0.0000000000
   omega_Cl;0.0000000000;0.0000000000;0.0000000000;0.0000000000;0.0000000000;0.0000000000;0.0000000000;1.0000000000;0.0000000000;0.0000000000
omega_gamma;0.0000000000;0.0000000000;0.0000000000;0.0000000000;0.0000000000;0.0000000000;0.0000000000;0.0000000000;0.0000000000;0.0000000000
 omega_beta;0.0000000000;0.0000000000;0.0000000000;0.0000000000;0.0000000000;0.0000000000;0.0000000000;0.0000000000;1.0000000000;0.0000000000
          b;0.0000000000;0.0000000000;0.0000000000;0.0000000000;0.0000000000;0.0000000000;0.0000000000;0.0000000000;0.0000000000;1.0000000000
